[],
{"count_point": 1, "force_data": [9.220000267028809, 14.779999732971191, 4.420000076293945, -0.0729999989271164, -0.13699999451637268, 0.01899999938905239], "rotation_matrix": [[0.9624823835051127, 0.16125598767195712, -0.21822962191750897], [-0.2679233272178966, 0.43747460566733576, -0.8583898066314051], [-0.04295057828259351, 0.88465387346473, 0.4642658419365355]]}],
{"count_point": 2, "force_data": [19.09000015258789, 9.5600004196167, -6.789999961853027, 0.28700000047683716, 0.5260000228881836, 0.03099999949336052], "rotation_matrix": [[-0.23590031886265755, 0.9715282382134008, 0.021998225257099335], [-0.37944604385452524, -0.07124735371644443, -0.9224665383587384], [-0.8946349754864531, -0.22595729008458534, 0.3854498199428615]]}],
{"count_point": 3, "force_data": [16.59000015258789, 11.899999618530273, -12.130000114440918, 0.12200000137090683, 0.3540000021457672, 0.03099999949336052], "rotation_matrix": [[-0.6951552149316745, 0.6996109005171236, -0.1652386608240241], [0.4176465628819495, 0.20597201163900836, -0.8849558627040525], [-0.58509022865383, -0.684193041691451, -0.43537260597654637]]}],
{"count_point": 4, "force_data": [10.619999885559082, 5.739999771118164, 4.619999885559082, 0.5440000295639038, -0.032999999821186066, 0.02500000037252903], "rotation_matrix": [[0.8291797209730036, 0.2784672383478388, -0.4846823573166861], [-0.3539342762349544, -0.4095797455125428, -0.8408180303561047], [-0.4326563514305214, 0.8687349591404785, -0.24105611864049523]]}]