import numpy as np

# 预定义的一些左右臂关节角
# down_joint_l = [-0.64, -74.78, -8.48, -21.14, -6.28, -9.22, 27.02]
# down_joint_r = [-2.47, -72.31, 16.97, -12.28, 4.88, -25.4, 26.63]

#起始/零位
down_joint_l_1 = [135, 66.14, 0, 0, 0, 0, -139.31]
down_joint_l_0 = [45, 66.14, 0, 0, 0, 0, -139.31]
down_joint_l = [77, 55, 0, 0, 0, 35, -140]
down_joint_r = [-77, -55, 0, 0, 0, -35, 22]

down2server_joint_l = [-4.88, -58.06, -17.7, -24.66, -9.93, -70.26, 94.58]
down2server_joint_r = [4.39, -52.55, 20.48, -41.99, 6.17, -55.62, -28.95]

server_joint_l = [-10.24, 3.49, -10.13, -95.8, -26.77, -78.75, 109.05]
server_joint_r =  [8.25, 8.69, 20.96, -96.54, 17.91, -75.31, -35.96]

# 初始左右手抓取的关节角
init_grasp_cup_jl =  [-49.47, -20.08, -59.74, -7.2, 21.68, -92.07, 41.57]
init_grasp_cup_jr =  [72.17, 9.64, -82.1, 13.42, -42.15, -255.51]


# 咖啡机右臂放置
init_place_cup_jr = [80.8, -49.88, -81.99, 7.39, -35.38, -257.3] # 初始放置杯子位置
ready_place_cup_jr = [64.0, -64.33, -105.42, -26.67, 76.08, -232.92] # 中间路径点
place_cup_jr = [74.07, -60.34, -70.24, -22.2, 39.1, -225.72] # 逆运动学求解参考关节角


# 左臂准备按钮位置
joint_ready_button_l = [-83.9, -53.67, -121.45, 52.26, 105.12, 45.21]

# 右臂放杯子
ready_joint_place_cup_r = [61.32, -79.79, 36.95, 27.15, -74.03, -263.06] # 开始放置
joint_place_cup_r = [39.2, -99.57, 51.89, 59.68, -56.03, -280.46] # 放置
over_joint_place_cup_r = [26.59, -46.69, 3.32, 50.98, -85.75, -280.05] # 结束放置

#黑灯工厂相关
#水平姿势
joint_horizontal_l = [78.59, 10.26, 15.75, -0.12, -0.27, -0.02, -139.35]
joint_horizontal_r = [-77.7, -4.09, 0.06, 1.45, -0.03, -0.19, 13.99]
#水平并弯臂
joint_horizontal_bent_l = [53.76, -15.34, -64.34, 75.07, -13.19, 101.93, -132.78]
joint_horizontal_bent_r = [-77.72, 0.66, 95.15, -72.07, -0.47, -87.06, 14.05]
#取完工具后行走时弯臂
# bent_arm_during_walk = [111.27, 54.93, -83.5, 87.08, -7.8, 69.97, -133.69]
# bent_arm_during_walk = [142.56, 40.37, -96.62, 91.29, -29.86, 89.37, -141.56]
bent_arm_during_walk = [119.74, 79.43, -93.46, 112.07, -0.93, 65.57, -144.47]
#放置工具（无视觉）
joint_place_tool_l = [39.76, 56.99, 4.55, 29.86, -7.72, 84.69, -107.53]
joint_after_place_tool_l = [20.97, 42.97, 13.65, -0.8, -29.39, 91.19, -117.51]
joint_temp = []
joint_banshou_end = [91.06, 70.29, 95.2, -9.77, 167.7, 22.67, -37.32]
#放箱子
joint_box_place_l = []
joint_box_place_r = []
joint_box_place2_l = []
joint_box_place2_r = []

# pick_box_pre_le = [71.97, -2.18, -73.84, 62.92, -14.11, 59.01, 231.17-360]
# pick_box_pre_ri = [-71.97, 2.18, 73.84, -62.92, 14.11, -59.01, 242-231.17]
pick_box_pre_le = [47.43, 34.43, -51.87, 56.76, -45.75, 24.46, -67.78]
pick_box_pre_ri = [-41.16, -39.49, 51.06, -45.54, 11.08, -21.41, -12.6]

dapengzhanchi_le = [80.44, -9.58, 5.33, 100.23, -91.15, 95.15, -61.19]
dapengzhanchi_ri = [-102.21, 16.17, 6.66, -105.89, 88.62, -94.93, -67.02]

pick_box_walk_le = [80.04, 24.39, 4.07, 99.47, -92.08, 87.11, -24.25]
pick_box_walk_ri = [-102.52, -27.08, 6.72, -98.29, 88.69, -94.81, -91.44]

temp_aruco2cam = np.empty((4,4))
pick_plate_pre2_ri = [126.09, -64.29, -8.45, -94.48, 62.79, 88.87, -71.39+90]
pick_plate_pre1_ri = [135.94, 8.66, -5.26, -94.38, 69.09, 89.46, -71.41+90]

#手眼标定矩阵
head_cam2base_left = [[ 0.00510511, -0.33723555,  0.94140646,  0.15969564],
                    [-0.00885267,  0.9413666,   0.33726927, -0.20174013],
                    [-0.99994778, -0.01005576,  0.00182034, -0.02608013],
                    [ 0.,          0.,          0.,          1.        ]]
head_cam2base_right=[[-0.01318555,  0.32898305, -0.94424377, -0.15887006],
                    [-0.00142564,  0.94431872,  0.32902907, -0.20531414],
                    [ 0.99991205,  0.00568458, -0.01198235, -0.0026322 ],
                    [ 0.,          0.,          0.,          1.        ]]
arm_cam2robotiq_right = [[-0.00662061, -0.7051926,   0.70898488, -0.05597601],
                    [-0.99994889,  0.01008676,  0.00069514,  0.02730896],
                    [-0.00764156, -0.70894404, -0.70522334,  0.12610189],
                    [ 0.,          0.,          0.,          1.        ]]


tool2aruco = {

    
        # 'peg_1' :[[0.130303, -0.029672, 0.991034, -0.044975],
        #          [-0.991361, -0.023572, 0.129642, 0.049150],
        #          [0.019510, -0.999360, -0.032514, 0.050196],
        #          [0.000000, 0.000000, 0.000000, 1.000000]],

        # 'peg_1' :[[0.449065, -0.039694, 0.892639, -0.046414],
        #          [-0.893245, 0.004822, 0.449577, 0.024894],
        #          [-0.022150, -0.999234, -0.033290, 0.043051],
        #          [0.000000, 0.000000, 0.000000, 1.000000]],

        'peg_1' :[[0.736118, 0.066358, 0.673730, -0.048853],
                [-0.675219, 0.000120, 0.737638, 0.005453],
                [0.048875, -0.997901, 0.044872, 0.031825],
                [0.000000, 0.000000, 0.000000, 1.000000]],

        # 'peg_2' :[[0.752400, -0.228066, 0.617981, -0.253785],
        #         [-0.627252, 0.038399, 0.777875, 0.019262],
        #         [-0.201137, -0.972903, -0.114163, 0.071628],
        #         [0.000000, 0.000000, 0.000000, 1.000000]],
        
        'peg_2' :[[0.832864, -0.222524, 0.506796, -0.243308],
                [-0.497071, 0.102077, 0.861717, -0.020044],
                [-0.243485, -0.969606, -0.025594, 0.082639],
                [0.000000, 0.000000, 0.000000, 1.000000]],

        'box_le' :[[-0.176613, 0.980924 ,-0.081280, -0.005348],
                    [-0.101129, 0.064055 ,0.992815 ,-0.020779],
                    [0.979079, 0.183564, 0.087887, -0.280015],
                    [0.000000, 0.000000, 0.000000 ,1.000000]],

        'box_ri' :[[-0.206544, -0.977388, 0.045409, -0.000181],
                [-0.074723, 0.062034 ,0.995279, -0.063812],
                [-0.975588, 0.202174 ,-0.085845 ,0.276665],
                [0.000000, 0.000000 ,0.000000, 1.000000]]

}

